0.5447422944
0.9379024897
0.6917450597
0.5223177748
0.4585744355
0.3685164385
0.3186248005
0.2756027091
0.2343154499
0.1909619292
0.1531346956
0.03541744246
-0.05307118959
-0.1312076526
-0.2180111477
-0.2826231571
-0.3316612738
-0.3174596148
-0.3160800786
-0.2968416757
-0.2865275301
-0.2865275301
-0.2669641267
-0.2496248303
-0.2249082467
-0.2055387281
-0.2055387281
-0.1828547441
-0.160374848
-0.1344414691
-0.1137111769
-0.1137111769
-0.09214555024
-0.07074488792
-0.04844745866
-0.02793619668
-0.005922641085
0.06220483401
0.1202756364
0.1910483401
0.2340716155
0.2746402915
0.3031692329
0.3008577489
0.2883866165
0.2762984738
0.2598285333
0.2231852766
0.1332279062
