0.5447422944
-0.889747682
-1.148321546
-1.186652622
-1.177887802
-1.161793731
-1.146260105
-1.134007384
-1.125968428
-1.121623018
-1.119531803
-1.130706226
-1.11891921
-1.139294749
-1.165166811
-1.181967815
-1.209053494
-1.21194048
-1.228838973
-1.224714772
-1.224714772
-1.229879029
-1.253154162
-1.254574477
-1.26286063
-1.26286063
-1.251489486
-1.196079753
-1.063179289
-0.9425668611
-0.9425668611
-0.8641860501
-0.7772011905
-0.7188533137
-0.6681612597
-0.615879076
-0.615879076
-0.4134189867
-0.3171536793
-0.2375042945
-0.1547140918
-0.07069514911
0.004799516129
0.08600395372
0.09868793538
0.1125985842
0.1265136124
0.1387031169
0.1332279062
