5.656037254846766
5.407383961368817
5.3501819610362835
5.33705590685665
5.374113446893833
5.36240188197535
5.363488953933484
5.37845098048905
5.35679195699825
5.387125416048916
5.383557955069766
5.359976260518917
5.374049594957367
5.3545711369873334
5.365440614483917
5.3778347852187505
5.356055623341666
5.363953216139033
5.345913377771399
5.3502315319786
5.371361224232284
5.38968488191325
5.37909533956905
5.3941793857053835
5.363515970082033
5.377426306234816
5.38981471063465
5.374820204776666
5.38846663717365
5.381686812361299
5.380361146638466
5.38322022297955
5.372824145355483
5.372851959648449
5.428885946068717
5.378823353740033
5.362380247534384
5.410142695407317
5.356406760397533
5.358821634574033
5.369070688858967
5.37961003432575
5.385198820990267
5.361153202417216
5.446368462632984
5.381158748443217
5.381461273074583
5.4025401366305825
5.411141842583317
5.3901074101713
5.37066931225345
5.376634112433633
5.382665260404617
5.3808782386488
5.371819728829234
5.393913657362767
5.383363776068166
5.351190425576234
5.404215477073134
5.371763820642316
5.431570304319633
5.385642614721649
5.39408808741695
5.5568006702699995
5.3790057431716
5.39219258179315
5.387445119089533
5.434019870026284
5.379456505340567
5.379082432692184
5.37015903724205
5.408077854434067
5.39114041801065
5.3814587360724495
5.3862624916373
5.383399063754534
5.387437538468784
5.404021126241783
5.385565955630583
5.383340914137933
5.368322407413867
5.3902520768758
5.4067069774724
5.416359934406383
5.400803528538017
5.410110473521484
5.39075065996815
5.415728590530483
5.3755756340328
5.389695176011816
5.577173637357316
5.3975957214466
5.3979163326798325
5.414390596245
5.381424318247817
5.42257673819585
5.41343695631185
5.39714461963085
5.398869377897433
5.388646242864216
5.377958849731416
5.426144179654384
5.426559841207567
5.38315328044325
5.397799753078283
5.422084258001517
5.3961267918153
5.396580827484767
5.37600418487225
5.400678063052084
5.394141850516833
5.38314864365335
5.385883749075333
5.541959952202166
5.3677049019192
5.372974362494033
5.500077284567917
5.389084763845067
5.406944860719033
5.410874538305267
5.367535054788217
5.38017738583755
5.391928402551767
5.396743008583633
5.395034031617734
5.386371664014833
5.449703662988516
5.39807845520385
5.409579478122766
5.387093041299766
5.3951368319819
5.386534337964017
5.398938914419217
5.376380577951934
5.399113485506684
5.42076574830135
5.4186630170860335
5.4406869417801
5.3743141532674334
5.360779220403983
5.4152006571622495
5.39417243718005
5.40473121920125
5.405307711688517
5.445262573385366
5.415523511322917
5.41626406329985
5.389601761265167
5.440627430067016
5.417014233588033
5.397588689715483
5.400974690545016
5.6792757843895165
5.627478079390134
5.437866843567217
5.363132891151817
5.45754537003765
5.390097118659467
5.411931550397516
5.4121277829831005
5.411755642956034
5.393761175642666
5.381531351541834
5.391748760092983
5.410715314855283
5.4204075793498
5.426482007713633
5.389557183539966
5.448960985858133
5.428880892228333
5.471508026691783
5.406551989926567
5.426584759207367
5.405964783934417
5.409147044519333
5.402980269954667
5.417908735146434
5.390413032058617
5.41380772125195
5.396998506227833
5.426317367518633
5.44463896135955
5.412952344755216
5.40770654048005
5.4057643691056
5.4479763835021
5.4218421354218
5.449389798137417
5.4677780390118
5.414734438060266
5.415060051258966
5.4241019885713
5.420832516309983
5.370986419692533
5.4194559439032
5.3954577266434995
5.39514906025725
5.408340454507316
5.405146293314217
5.424793024387816
5.446027194655716
5.42137617979995
5.6449042207202496
5.879507100107733
5.662842815916034
5.6912785628614
5.448663274169183
5.357774903111083
5.361181887859133
5.353807004475916
5.336844674692349
5.331390228721533
5.339786309026634
5.344410652571967
5.338112045094017
5.351924147466584
5.398593610104816
5.338352972424033
5.367408494778649
5.33808747984125
5.334005334461599
5.3363580518935665
5.33477798123785
5.385727219538967
5.323063303155984
5.339420507590217
5.331240689272584
5.366616354122867
5.374470861460817
5.350255517560683
5.336124222034167
5.3474582618459
5.336293063950866
5.358798762459149
5.335324462138667
5.327487997151667
5.340885799698049
5.349440558323599
5.385253890135933
5.363820350689633
5.333095075409566
5.33589124553595
5.343347118028267
5.353857251270051
5.3467337061229
5.360551699819666
5.328514240176933
5.3291586660154335
5.347038071806799
5.406819579183501
5.325455307742233
5.348313200942116
5.35443884021855
5.363376747249283
5.348245925059749
5.361794487352499
5.378385767693784
5.35578825314515
5.352939359737017
5.339669758654534
5.366924963020817
5.37819389888245
5.357772278133051
5.37673853146965
5.389817752401716
5.3503487183186165
5.422889151438484
5.3642093965141
5.346579968705184
5.36623570402395
5.348511759811184
5.357910243023067
5.368486637511034
5.382194150762134
5.353187577934784
5.34902950616185
5.376441780417617
5.332578807951367
5.35620522649745
5.359892203662216
5.360665215653716
5.4135154647083334
5.3654177172842
5.382303831433333
5.386440670836117
5.3529796615446665
5.489461374793617
5.387203656259716
5.376380662736967
5.362635082685549
5.376028415261916
5.402480579593
5.347840390729833
5.368765515139001
5.407703119824384
5.368389159740284
5.412155677905449
5.366754005752834
5.386309194802499
5.3598188412972325
5.377436195235833
5.367357725461867
5.3684555741240505
5.365000549805217
5.380860048531034
5.411337554139517
5.35850897322525
5.361835273409083
5.372562462966017
5.361172581348116
5.3669581005568
5.370169123827266
5.367186069348834
5.3486632604637
5.415262331224216
5.426208146578083
5.393085021611483
5.3981637821266
5.386709668695883
5.391279281482767
5.3699259591191835
5.412169181907184
5.410989139965866
5.389463686151917
5.385526189753733
5.367797805584266
5.371668557929416
5.392175462253601
5.371062611392217
5.391407182266517
5.525393486340667
5.2848024416419
5.234176198833067
5.22661155323295
5.281611914524301
5.216469819675933
5.25782516625235
5.226444232461417
5.236090369435266
5.274231995543716
5.3127981707997
5.246227057102567
5.25553203488235
5.239663734022667
5.317130923585983
5.243587867061917
5.233333468822817
5.248945350439067
5.232246454432117
5.238660690181133
5.2618171905055835
5.275694949366634
5.247470989198583
5.2345378084341
5.2351381500858
5.23537731308995
5.23717108210015
5.29941075028425
5.247638934164333
5.26639132381825
5.240043247732683
5.2421834988791165
5.245818698289316
5.245839825163417
5.266719736550783
5.2699437792762165
5.257392093213284
5.261749845992017
5.239482628464851
5.258065429462784
5.239035638500834
5.239305650407434
5.24654889124115
5.242322523160934
5.238134985603399
5.236320745210583
5.2478980898881336
5.23841257522775
5.243876391529917
5.2648283326004
5.5903199437016164
5.999009462645001
5.546953004125233
5.50771606690105
5.604392241971567
5.564513229676501
5.547059219522483
5.629656617180951
5.586777999634217
5.518583732502901
5.5342291398336165
5.5334798675994
5.528750630425633
5.53126647185225
5.495561133117283
5.61677423407225
5.5933843820377165
5.542534735438133
5.514861564637167
5.543960481192516
5.5371322340376
5.57966739991455
5.663696702782784
5.530294279390967
5.493080627995067
5.558993670129717
5.517969598303534
5.613589783099667
5.511258927630683
5.539773424204999
5.487889114113449
5.524681925495833
5.4629900201960835
5.526977095916966
5.61333898948945
5.5654886513731
5.5613496681529835
5.585459053261267
5.5898633339598165
5.534558231055567
5.577928222731717
5.544946087943667
5.509722576616783
5.62025242559615
5.642619238049283
5.507977787377484
5.561390296641817
5.52560224916755
5.506522987714684
5.511274342434566
5.542950689644083
5.59308721670975
5.491451200799316
5.5327559658712495
5.549630048278783
5.55139189011425
5.493920670613017
5.656507739062966
5.6135393012072505
5.67795556757325
5.5089164245566336
5.668593452314051
5.65701537709065
5.5479971007697335
5.508230267966184
5.9337232682164505
5.5892707804303505
5.537539759310917
5.59020574282415
5.611514644780067
5.5832839423565
5.6044511660489
5.497267051136316
5.494896385394467
5.549416065278633
5.581706261397567
5.552631308122416
5.555042563654817
5.50871066972565
5.535523176267749
5.738786656140166
5.606764489014067
5.60427354521125
5.534438137749817
5.4972183740733
5.577783318508583
5.54223087200195
5.506924510918051
5.544895006435883
5.716237449100717
5.529215625239333
5.58782682012885
5.552879260740516
5.485939902423883
5.513139826209167
5.5107807988293
5.583674833191734
5.515350390278766
5.552928432232517
5.5623488326854
5.508467648450217
5.557761246841866
5.497114480088934
5.59645306332895
5.659942377547966
5.649116972898634
5.65673509103545
5.74812603901955
5.6423305140863995
5.525616835782549
5.503831697032116
5.597373063034934
5.60739656879135
5.548863063340466
5.661880581172716
5.494996595174716
5.516297525699216
5.539632496620233
5.542153731238317
5.5256128514724
5.49693063363145
5.543193560749684
5.64548360609405
5.498452024831683
5.852247814603716
5.349831106013767
5.638245263164199
5.3024360927437835
5.505746714349767
5.626589199969383
5.916187248705083
5.32638268291145
5.3197470482434
5.338117708533783
5.3118719952637
5.4695712670177
5.322926600245767
5.3069722287614
5.34686648122115
5.32634371410155
5.36501964419865
5.315224710203016
5.6594278754803495
5.48262878039895
5.325745470677666
5.323239318319967
5.327198476490234
5.552431768350649
5.333392921334234
5.2939598765663165
5.333740742962383
5.330083658471517
5.312249646700733
5.34998058222675
5.3008131508637835
5.328735037359967
5.31129337633125
5.3124256799268
5.312965037204167
5.290419368657483
5.308167861802216
5.299722072996883
5.301668306850967
5.31334255260565
5.301144954506284
5.3003828256439505
5.291157481234401
5.313170653208733
5.380611925824151
5.341485514142433
5.339671445194834
5.31413257190385
5.3091615394318
5.3132314280243
5.31338984204595
5.393835407157766
5.337009578191516
5.356553746044667
5.428002359806734
5.347328870354733
5.33656153925185
5.330559314721416
5.478600127977184
5.331720705496016
5.339534813203617
5.351442301703116
5.358320040570233
5.30265127034085
5.333117549055166
5.316074072631333
5.339895908666217
5.336922429515834
5.309698030949099
5.338770563769616
5.33166676739675
5.364511375811349
5.362551705218601
5.368336420924117
5.351387511168767
5.350199003667033
5.348334046861667
5.34300699831195
5.51980949387725
5.944764310909517
6.0166576523428335
5.7780537454295
5.384951255382967
5.361415795946717
5.334348069711999
5.3362269986159
6.0464170856964
5.5473417182276
5.523924474562467
5.6158463676967
5.5644755585136165
5.515508161050334
5.558123820182184
5.694679059852933
5.616146682827583
5.54555731169045
5.623195949713417
5.59736909844335
5.694944058750116
5.621649297987217
5.621744300935584
5.603661045232483
5.5728623461667
5.55331524028515
5.527915943054783
5.5216565756103
5.559298783838067
5.611097997682133
5.548946051150167
5.584978756803317
5.639590380328451
5.56505651018475
5.5469326353884165
5.56441402174605
5.558389508220233
5.5478932692582
5.5686098866014335
5.6840396735485
5.62280500059715
5.5627480510256
5.560742357438
5.561480507482816
5.570677619645966
5.656576194758716
5.5117475623502665
5.622441317403483
5.598590886012
5.5320672097599
5.567476657636633
5.534048767238466
5.627459317453034
5.649783090869467
5.540563004413951
5.566696222740816
5.5639500921141
5.563648778514233
5.688879346572267
5.5727979526355504
5.5849697401334835
5.664612628242566
5.524630782994067
5.515842423796367
5.6012353682684335
5.6212190822897
5.651114097713684
5.524873709285983
5.628279754537417
5.569179829004616
5.663821174477683
5.6242621093326335
5.75102126969505
5.540646223357183
5.58246088962575
5.588157806165451
5.556076509722583
5.635611432107783
5.531182943077384
5.616335709632883
5.577048548664117
5.577810326578767
5.5478043516232
5.569307681582967
5.60871687269585
5.553815066687583
5.57362314062775
5.5610170456246175
5.596209846064683
5.5867387461105
5.609636919279483
5.544781524982434
5.568437647585716
5.571273830686801
5.5386519674527
5.5631684994468165
5.60193607385275
5.586304283137
5.612174458370517
5.581585329699016
5.644737497858784
5.565428666277634
5.6263841933566
5.536468782410767
5.654902579205133
5.547835782004883
5.6046757747504
5.572702762449134
5.567855619447316
5.5915535244511
5.589160365432083
5.594287622139617
5.5873996700271835
5.515484553261916
5.6248482128697335
5.610275292539634
5.541889048760883
5.602344757923617
5.597919374444367
5.70473291084005
5.620348276390484
5.7012258060291
5.696421957542767
5.629780948617067
5.544173177537833
5.7627092379213165
5.6252805188860835
5.5734564361497165
5.503827989910984
5.551899688865766
5.58448034198155
5.603787652934267
5.5571039612958
5.6272516511742
5.694974879191917
5.659216882832934
5.567702626652067
5.690160962477234
5.60801334866095
5.718287608520533
5.587360811362066
5.555785230494317
5.5694282328021165
5.631355779124466
5.575362309471533
5.584958664232784
5.594042733608517
5.587040206763301
5.604182312224783
5.601848383899299
5.52863531501255
5.662206937416333
5.6157979658732
5.6113705555661
5.5984314240772335
5.624355925727284
5.696551955868683
5.578125299583183
5.504040859185617
5.51228792519105
5.4181144580929
5.537064522509167
5.626770967707367
5.445874537144366
5.49920319221855
5.5006002469745
5.45716542141115
5.487490612728767
5.458067503178117
5.482550439954983
5.528058600955417
5.478489699534833
5.4406499481042
5.424409674478133
5.5495940823306835
5.55777355488875
5.4799708608077164
5.402756782200116
5.427416746946017
5.542574206757617
5.538041978897917
5.436925299554416
5.434972544192466
5.590982803679067
5.476289505191867
5.3986680751069835
5.408864649006384
5.615087959875134
5.4631962649369
5.468349724909549
5.5495564067256
5.45470835592375
5.428168938425367
5.5380212815264995
5.477713840522233
5.443129613574516
5.476606037326566
5.390305796374733
5.497455771966884
5.4004469728854
5.557147848164217
5.437203168145301
5.5593897572456665
5.4127367399637825
5.589775646229583
5.509844613856217
5.512722487971284
5.413211604166033
5.599501882219433
5.503628711983517
5.524086653700217
5.511164172494317
5.5817703994422665
5.561860895152984
5.5388941557816
5.491856052438383
5.5797935541627
5.467772966302683
5.4450766893918665
5.472494404240083
5.5487891772597004
5.514066924564633
5.42471551301715
5.590758460839183
5.527849939669734
5.4741619199082665
5.490529185858033
5.533104791131334
5.51268488870215
5.5416890933484
5.510405407387583
5.427769586530733
5.539452684128383
5.54997801894885
5.53187861884895
5.630514431153999
5.468771175472167
5.46455400914225
5.465276304657166
5.5049577222681005
5.47399244051145
5.59881110047475
5.543825987534366
5.548607449074433
5.582614582184767
5.494402159078167
5.50471203290945
5.4797844811633665
5.541447641031116
5.546644136767033
5.511133311777184
5.468223720409633
5.472995926106517
5.452958308655067
5.40780288327805
5.557035685562483
5.5280061052079
5.44256369667225
5.50310164133165
5.455816565452067
5.5555235367962
5.539872221370749
5.5316167436166666
5.540942263815183
5.52789737944355
5.517784409487883
5.5751577219756
5.4947257880606495
5.4989524346689
5.449563566315433
5.551316716961933
5.46081962805425
5.445375955416717
5.471346492992116
5.5197242254192505
5.566570950922817
5.436642071543616
5.526088459814484
5.603068414474067
5.533039678922317
5.550191321560117
5.4953457736449
5.548623843694316
5.55761332003215
5.459012072984483
5.479771552574917
5.5241044647496835
5.502750026255667
5.5916092832728
5.51749690472255
5.442239933500733
5.508894533245867
5.544067155455317
5.504905556856349
5.52206926462725
5.592111528171033
5.5919099128950664
5.558988417204334
5.672642797051234
5.663932517540033
5.54347539394075
5.586133588553634
5.419553083855133
5.5930130505230995
5.516698615099683
5.572059450997516
5.590274572381166
5.471625104909367
5.6720435790843675
5.507133948321283
5.5985689265959
5.50942634684955
5.578088077755817
5.500548582363984
5.5097525906846
5.515775979384483
5.595120908429567
5.517545654358884
5.53838420984975
5.561841110902117
5.5682586316417
5.499842365257299
5.464138449015933
5.489271288894333
5.527550631227016
5.680361853904233
5.554467743226267
5.5745980097063335
5.5878276456681
5.49700484845865
5.528295720451567
5.5721351968823
5.520244448899266
5.538943879187483
5.507748758616317
5.56026525271445
5.493777142155166
5.762275297628366
5.580418408135784
5.681376279130933
5.608729823347916
5.516860856909384
5.490725530954666
5.613410572013533
5.566167201046967
5.5327869858127166
5.531920986288367
5.495455783761767
5.50845190078205
5.543606213656317
5.488006161978417
5.4600482526376
5.515922975726434
5.6553871804600995
5.468376416227934
5.50968520692355
5.5373277629289
5.575065491860733
5.45716672801645
5.4405804970486
5.519509491306966
5.550776491753633
5.556471057033433
5.752827195400217
5.5010983761332
5.564910410834033
5.44215038613135
5.518756739159284
5.4751251737558
5.612959572965334
5.636327699189134
5.56284696313135
5.4464256646131
5.6615477386474
5.589993581826266
5.456422778636617
5.499019741983884
5.4825939258187
5.464731475139467
5.571245485538867
5.525859212324334
5.4937115959027665
5.4429495961289
5.652605161197433
5.6210193321332005
5.708751587655083
5.600081445182633
5.5193981720949505
5.495851932165783
5.4504171613215835
5.4894372604831
5.494449767856467
5.517425246363084
5.44905805282615
5.576344875196316
5.50094180978825
5.58328610713555
5.455308451061133
5.630908104311667
5.487303986371267
5.5751741894419
5.5476975798049
5.525516344802351
5.5496948459098325
5.498829796215184
5.52056190645575
5.514272629831983
5.468761821532583
5.496503180587516
5.478659049664084
5.449258253207767
5.486303189306634
5.483096574626684
5.53876136565425
5.503732829511867
5.491783179289383
5.567913163567334
5.527781021818133
5.5001951948696
5.490403958445916
5.630756072417716
5.5037681152724
5.5306433532260835
5.486321402988683
5.6725592353386
5.57731800001105
5.4421737456476
5.665778066163567
5.479803109080716
5.469937983017
5.5782691657116334
5.577027545034067
5.54486622986005
5.50771946683235
5.549963914570016
5.506553494538817
5.539725638312917
5.570034860361684
5.640031265776384
5.54049122223465
5.4752071342334
5.553616951429283
5.555408295196449
5.516129999682501
5.493345180411416
5.427806069673783
5.494717197802667
5.612976575463834
5.459209682943284
5.505498647898884
5.7082842510697995
5.5329233264676665
5.5315433310271995
5.5615921155932835
5.544443221354833
5.507770250078466
5.570662638037667
5.454629175848583
5.59357813473325
5.5774843037502
5.521939589593484
5.576299007993167
5.570423062895617
5.627126076825767
5.594689138081833
5.56976123611385
5.538628989078767
5.633425093020683
5.596192056825867
5.5290596785518495
5.518678931295283
5.519318244889534
5.685863634261967
5.597808555729967
5.545157416800317
5.570799251450317
5.55788490762885
5.475506885332766
5.5322095133208995
5.513645178301283
5.544179892023866
5.550581153685433
5.539535852107901
5.497227237567134
5.460989958389833
5.565288628126534
5.506662882842167
5.64663440916095
5.5371070685102834
5.564754378493917
5.666068847291167
5.55037239316735
5.50238804782615
5.583899773280433
5.5053481059425335
5.46830883145545
5.58716556357685
5.6070889161540665
5.5593511276926995
5.651952247824133
5.572530283431117
5.5054293808372
5.63026011681795
5.496152698413067
5.633212261133299
5.453980375943266
5.492949803659084
5.50827035893405
5.51405241184935
5.509445385151783
5.515446691702533
5.535775394101317
5.501795132731783
5.547334450782117
5.559039613608434
5.52545304447315
5.6050167205641666
5.6099761484530335
5.540427889119017
5.56935275726185
5.5421746925509
5.489962873255717
5.575103800080734
5.6425740936101665
5.492377443843966
5.592886123111151
5.653636709124834
5.561771614574051
5.569119347109034
5.520382565414667
5.493683305702384
5.456726649730983
5.614567826102333
5.695929786869967
5.4912148937403495
5.527198189827317
5.581380049726183
5.6385842905015995
5.488188465831133
5.48396320548005
5.655264906287384
5.493322656757667
5.5472487597377
5.497285828884916
5.613406595180283
5.64174850868585
5.577379586632984
5.550781982314466
5.524549888060816
5.618796604715567
5.6447428866988
5.615745402253617
5.657051970758284
5.463072726015033
5.512387457198934
5.4681920054291
5.466160847559034
5.5789559254112335
5.476746115136
5.5359610540530335
5.580219890053067
5.515499470729266
5.615788621887133
5.594241049753816
5.6106109060347
5.5526635924131
5.543175096184133
5.47250181849425
5.7243036335761
5.5481867073967175
5.616429027376583
5.54866922405685
5.5653836373268835
5.4888448307184
5.534103107562983
5.502877632425717
5.592916624138399
5.571450522333417
5.483173048917283
5.568196908187633
5.6773264711237665
5.655955646744883
5.460863672749833
5.448899122626367
5.561118883626967
5.623981268156784
5.612798397765917
5.535685241884016
5.572647032787783
5.6408073809871
5.6011991200318665
5.5853834385906
5.528157340969967
5.572504097767517
5.5270623904177505
5.58140154399055
5.424986980120099
5.6598561532271505
5.436397803024733
5.5868606355924
5.657442371378417
5.522829475858217
5.633574647599984
5.5246680456077835
5.553738180833166
5.557152107187234
5.51952834910675
5.497198159765683
5.521411049687116
5.612079176249483
5.607713340087983
5.5024940523784664
5.528847502023567
5.475727799327184
5.6155020468519
5.5298140686083
5.5955404686450505
5.526474764499767
5.706894938320817
5.6391834597792165
5.493120790295267
5.446559678408083
5.594723556145133
5.489020316678217
5.562136675853016
5.55202673688085
5.542051540837083
5.659055743874833
5.5342766704096
5.542394782776433
5.487899134393467
5.573810052539916
5.517747900240167
5.511126535206367
5.596485269457717
5.51206414997675
5.4644702562848835
5.506478441543483
5.4710488992064175
5.6679847795429
5.540763569311817
5.6931685507346
5.588878630169583
5.57435354852545
5.4789375982965165
5.5628507426406335
5.607567457496767
5.503545509734733
5.5613154675375
5.527672064371283
5.589968828752166
5.687539232940367
5.7336306312723
5.555569056970616
5.793392754711866
5.621414973677983
5.565537532108533
5.672241007757833
5.557190668747833
5.57476521170175
5.503048639392366
5.554624526389917
5.7038631547378165
5.483485766306217
5.4388119767594665
5.506678722004283
5.671893305182067
5.5712462669413
5.597291255451267
5.616972461613483
5.53910368581225
5.475533871109167
5.479104675326384
5.416828106149717
5.376493025885433
5.5531134884067175
5.383990746331984
5.485069697364817
5.37603821809655
5.413578082248566
5.442795451356017
5.4484179370697
5.417022337748984
5.437374282018084
5.417745262288366
5.453590290549133
5.426052199256566
5.50420033346745
5.448972236537767
5.40612685799715
5.532912286249734
5.466459648698216
5.378986662477833
5.507821542427217
5.428451933300433
5.690094978409849
5.681311234398167
5.546159366099166
5.602415730034901
5.417068922882517
5.4577316563528
5.428660171340267
5.410501731905
5.491952920119116
5.5773997104629665
5.596461030142383
5.711948243746884
5.449906529659833
5.468432905185417
5.447873730434617
5.404650761982583
5.408454076851683
5.421755568204867
5.407970273671284
5.495755724551667
5.449696950950116
5.435048214213267
5.378583834260167
5.4619898858645
5.431961033731934
5.382665437627783
5.4881820760968
6.868081254435
5.44672800357945
5.46304890487575
5.54680167553555
5.4627983818076835
5.4744890795642
5.43799911397855
5.4974079917987835
5.440778749167533
5.4608650967663
5.453075653676517
5.498392203185933
5.4887950773790175
5.449036640238201
5.448589587287334
5.4794606255764
5.435050596150517
5.443573600643384
5.489199939549116
5.540033445514234
5.41441693307595
5.49852533386105
5.4466882851966165
5.516128852182684
5.5537428069921
5.43363564872465
5.423362619790233
5.537758085157167
5.414610351173184
5.397180069688201
5.454555447956166
5.4819960283312
5.5557754903379335
5.551373478482617
5.448537931516516
5.5352432548305
5.47312346303515
5.428655926387417
5.456513188543067
5.476379907570967
5.5230862328705
5.431795712189516
5.494357558084516
5.4920514777022005
5.518830103611017
5.468241029788317
5.4582198211118
5.45871145481985
5.49982420581485
5.419929281505633
5.4322459806974335
5.44541572600805
5.41160232574015
5.428777575786567
5.503160861123317
5.519706809985783
5.3976597205931
5.435183575147317
5.398559995613634
5.447544552327
5.457912866329567
5.629181244538567
5.468660028161267
5.449625017050683
5.45189834900435
5.4112034471904495
5.406338310267533
5.416056312479666
5.4498246443589995
5.43135683962865
5.431785298206884
5.454107902533
5.443484890746917
5.438064584042634
5.402915820307316
5.4202758557090505
5.440821830672083
5.394854776468984
5.475461389089233
5.4270466510968
5.41080199153305
5.499644035552417
5.520791343180333
5.422490594176267
5.4599592737936
5.443546953460833
5.441152481160317
5.4318876716307
5.476974950082383
5.485331424160183
5.420048669700183
5.491830691219483
5.508340040582934
5.4619818353806
5.522838272980033
5.5232713095494494
5.42239158281555
5.4358129351538
5.428758966704233
5.412946774984933
5.601124878162467
5.45620836747755
5.4845181271247
5.47995682783355
5.442670285414717
5.476781812217333
5.4650499060038165
5.431033201265134
5.49085610718975
5.4945938738434
5.47614859687795
5.59287288857425
5.4886709657076835
5.45992656775755
5.470807873837967
5.423374779740934
5.4155056037398
5.463926635361717
5.476486398376317
5.45401810880685
5.4698474102388
5.477393020312717
5.452010891870783
5.669454375152667
5.464059367741483
5.468537912933249
5.4437919573550335
5.480601314621883
5.460901559632717
5.497559564075583
5.4420417218376995
5.470817673771434
5.498932557225883
5.533454639683133
5.471447783773566
5.455632856141166
5.515434492573217
5.467055619369783
5.475586044133517
5.441577945108784
5.45603234195005
5.4996045682373165
5.488242257525417
5.47124497777695
5.466311547216667
5.485534427445233
5.485160382982583
5.450953051387233
5.462416773080383
5.462232138240983
5.501105128501517
5.4610980513481335
5.484526838007151
5.463203773906083
5.494987738193833
5.511297446183501
5.450182156216033
5.470963674211083
5.487936681752516
5.50087868163585
5.4895393823945335
5.566258525631317
5.48009149218875
5.490496990183366
5.500552501935933
5.4629997455971
5.426850573907717
5.5317884528779
5.511774346644233
5.4955005223921
5.503961847709684
5.509777953949134
5.595540907448116
5.560426464875984
5.495426434447533
5.445822190107234
5.528027681391783
5.4778594962015665
5.460361381446266
5.4770172567752
5.521704935474067
5.445380060265833
5.482988173420983
5.483498640256349
5.5621290293706505
5.494398778782251
5.443551312471633
5.469583575341184
5.48570769708725
5.43927210699815
5.440192415322233
5.5003142122446
5.567090653632483
5.476815325343583
5.45186415417605
5.507750044776433
